-1.108923735170493907e-05
-1.108923735170493907e-05
-1.108923735170493907e-05
-1.108923735170493907e-05
-1.108923735170493907e-05
-1.108923735170493907e-05
-1.108923735170493907e-05
-1.108923735170493907e-05
-1.108923735170493907e-05
-1.108923735170493907e-05
-1.108923735170493907e-05
-1.108923735170493907e-05
-1.108923735170493907e-05
-1.108923735170493907e-05
-1.108923735170493907e-05
-1.108923735170493907e-05
-1.108923735170493907e-05
-1.108923735170493907e-05
-1.108923735170493907e-05
-1.108923735170493907e-05
-1.108923735170493907e-05
-1.108923735170493907e-05
-1.108923735170493907e-05
-1.108923735170493907e-05
-1.108923735170493907e-05
-1.108923735170493907e-05
-1.108923735170493907e-05
-1.108923735170493907e-05
-1.108923735170493907e-05
-1.108923735170493907e-05
-1.108923735170493907e-05
-1.108923735170493907e-05
-1.108923735170493907e-05
-1.108923735170493907e-05
-1.108923735170493907e-05
-1.108923735170493907e-05
-1.108923735170493907e-05
-1.108923735170493907e-05
-1.108923735170493907e-05
-1.108923735170493907e-05
-1.108923735170493907e-05
-1.108923735170493907e-05
-1.108923735170493907e-05
-1.108923735170493907e-05
-1.108923735170493907e-05
-1.108923735170493907e-05
-1.108923735170493907e-05
-1.108923735170493737e-05
-1.108923735170493737e-05
-1.108923735170493737e-05
-2.546604132376176285e-06
-2.546604132376176285e-06
-2.546604132376176285e-06
-2.546604132376176285e-06
-2.546604132376176285e-06
-2.546604132376176285e-06
-2.546604132376176285e-06
-2.546604132376176285e-06
-2.546604132376176285e-06
-2.546604132376176285e-06
-2.546604132376176285e-06
-2.546604132376176285e-06
-2.546604132376176285e-06
-2.546604132376176285e-06
-2.546604132376176285e-06
-2.546604132376176285e-06
-2.546604132376176285e-06
-2.546604132376176285e-06
-2.546604132376176285e-06
-2.546604132376176285e-06
-2.546604132376176285e-06
-2.546604132376176285e-06
-2.546604132376176285e-06
-2.546604132376176285e-06
-2.546604132376176285e-06
-2.546604132376176285e-06
-2.546604132376176285e-06
-2.546604132376176285e-06
-2.546604132376176285e-06
-2.546604132376176285e-06
-2.546604132376176285e-06
-2.546604132376176285e-06
-2.546604132376176285e-06
-2.546604132376176285e-06
-2.546604132376176285e-06
-2.546604132376176285e-06
-2.546604132376176285e-06
-2.546604132376176285e-06
-2.546604132376176285e-06
-2.546604132376176285e-06
-2.546604132376176285e-06
-2.546604132376176285e-06
-2.546604132376176285e-06
-2.546604132376176285e-06
-2.546604132376176285e-06
-2.546604132376176285e-06
-2.546604132376176285e-06
-2.546604132376186873e-06
-2.546604132376186873e-06
-2.546604132376186873e-06
-2.839407242070356852e-05
-2.839407242070356852e-05
-2.839407242070356852e-05
-2.839407242070356852e-05
-2.839407242070356852e-05
-2.839407242070356852e-05
-2.839407242070356852e-05
-2.839407242070356852e-05
-2.839407242070356852e-05
-2.839407242070356852e-05
-2.839407242070356852e-05
-2.839407242070356852e-05
-2.839407242070356852e-05
-2.839407242070356852e-05
-2.839407242070356852e-05
-2.839407242070356852e-05
-2.839407242070356852e-05
-2.839407242070356852e-05
-2.839407242070356852e-05
-2.839407242070356852e-05
-2.839407242070356852e-05
-2.839407242070356852e-05
-2.839407242070356852e-05
-2.839407242070356852e-05
-2.839407242070356852e-05
-2.839407242070356852e-05
-2.839407242070356852e-05
-2.839407242070356852e-05
-2.839407242070356852e-05
-2.839407242070356852e-05
-2.839407242070356852e-05
-2.839407242070356852e-05
-2.839407242070356852e-05
-2.839407242070356852e-05
-2.839407242070356852e-05
-2.839407242070356852e-05
-2.839407242070356852e-05
-2.839407242070356852e-05
-2.839407242070356852e-05
-2.839407242070356852e-05
-2.839407242070356852e-05
-2.839407242070356852e-05
-2.839407242070356852e-05
-2.839407242070356852e-05
-2.839407242070356852e-05
-2.839407242070356852e-05
-2.839407242070356852e-05
-2.839407242070354480e-05
-2.839407242070353802e-05
-2.839407242070353802e-05
2.098215141211811838e-03
1.049298427807995133e-03
1.049298427807995133e-03
1.049298427807995133e-03
1.049298427807995133e-03
1.049298427807995133e-03
1.049298427807995133e-03
1.049298427807995133e-03
1.049298427807995133e-03
1.049298427807995133e-03
1.049298427807995133e-03
1.049298427807995133e-03
1.049298427807995133e-03
1.049298427807995133e-03
1.049298427807995133e-03
1.049298427807995133e-03
1.049298427807995133e-03
1.049298427807995133e-03
1.049298427807995133e-03
1.049298427807995133e-03
1.049298427807995133e-03
1.049298427807995133e-03
1.049298427807995133e-03
1.049298427807995133e-03
1.049298427807995133e-03
1.049298427807995133e-03
1.049298427807995133e-03
1.049298427807995133e-03
1.049298427807995133e-03
1.049298427807995133e-03
1.049298427807995133e-03
1.049298427807995133e-03
1.049298427807995133e-03
1.049298427807995133e-03
1.049298427807995133e-03
1.049298427807995133e-03
1.049298427807995133e-03
1.049298427807995133e-03
1.049298427807995133e-03
1.049298427807995133e-03
1.049298427807995133e-03
1.049298427807995133e-03
1.049298427807995133e-03
1.049298427807995133e-03
1.049298427807995133e-03
1.049298427807995133e-03
1.049298427807995133e-03
1.049298427807995133e-03
1.049298427807994049e-03
1.049298427807994049e-03
1.049298427807994049e-03
