-2.962012072290545192e-05
-2.962012072290545192e-05
-2.962012072290545192e-05
-2.962012072290545192e-05
-2.962012072290545192e-05
-2.962012072290545192e-05
-2.962012072290545192e-05
-2.962012072290545192e-05
-2.962012072290545192e-05
-2.962012072290545192e-05
-2.962012072290545192e-05
-2.962012072290545192e-05
-2.962012072290545192e-05
-2.962012072290545192e-05
-2.962012072290545192e-05
-2.962012072290545192e-05
-2.962012072290545192e-05
-2.962012072290545192e-05
-2.962012072290545192e-05
-2.962012072290545192e-05
-2.962012072290545192e-05
-2.962012072290545192e-05
-2.962012072290545192e-05
-2.962012072290545192e-05
-2.962012072290545192e-05
-2.962012072290545192e-05
-2.962012072290545192e-05
-2.962012072290545192e-05
-2.962012072290545192e-05
-2.962012072290545192e-05
-2.962012072290545192e-05
-2.962012072290545192e-05
-2.962012072290545192e-05
-2.962012072290545192e-05
-2.962012072290545192e-05
-2.962012072290545192e-05
-2.962012072290545192e-05
-2.962012072290545192e-05
-2.962012072290545192e-05
-2.962012072290545192e-05
-2.962012072290545192e-05
-2.962012072290545192e-05
-2.962012072290545192e-05
-2.962012072290545192e-05
-2.962012072290545192e-05
-2.962012072290545192e-05
-2.962012072290545192e-05
-2.962012072290545869e-05
-2.962012072290545869e-05
-2.962012072290545869e-05
-6.568325595593720183e-06
-6.568325595593720183e-06
-6.568325595593720183e-06
-6.568325595593720183e-06
-6.568325595593720183e-06
-6.568325595593720183e-06
-6.568325595593720183e-06
-6.568325595593720183e-06
-6.568325595593720183e-06
-6.568325595593720183e-06
-6.568325595593720183e-06
-6.568325595593720183e-06
-6.568325595593720183e-06
-6.568325595593720183e-06
-6.568325595593720183e-06
-6.568325595593720183e-06
-6.568325595593720183e-06
-6.568325595593720183e-06
-6.568325595593720183e-06
-6.568325595593720183e-06
-6.568325595593720183e-06
-6.568325595593720183e-06
-6.568325595593720183e-06
-6.568325595593720183e-06
-6.568325595593720183e-06
-6.568325595593720183e-06
-6.568325595593720183e-06
-6.568325595593720183e-06
-6.568325595593720183e-06
-6.568325595593720183e-06
-6.568325595593720183e-06
-6.568325595593720183e-06
-6.568325595593720183e-06
-6.568325595593720183e-06
-6.568325595593720183e-06
-6.568325595593720183e-06
-6.568325595593720183e-06
-6.568325595593720183e-06
-6.568325595593720183e-06
-6.568325595593720183e-06
-6.568325595593720183e-06
-6.568325595593720183e-06
-6.568325595593720183e-06
-6.568325595593720183e-06
-6.568325595593720183e-06
-6.568325595593720183e-06
-6.568325595593720183e-06
-6.568325595593716795e-06
-6.568325595593716795e-06
-6.568325595593716795e-06
-7.614174221247811116e-05
-7.614174221247811116e-05
-7.614174221247811116e-05
-7.614174221247811116e-05
-7.614174221247811116e-05
-7.614174221247811116e-05
-7.614174221247811116e-05
-7.614174221247811116e-05
-7.614174221247811116e-05
-7.614174221247811116e-05
-7.614174221247811116e-05
-7.614174221247811116e-05
-7.614174221247811116e-05
-7.614174221247811116e-05
-7.614174221247811116e-05
-7.614174221247811116e-05
-7.614174221247811116e-05
-7.614174221247811116e-05
-7.614174221247811116e-05
-7.614174221247811116e-05
-7.614174221247811116e-05
-7.614174221247811116e-05
-7.614174221247811116e-05
-7.614174221247811116e-05
-7.614174221247811116e-05
-7.614174221247811116e-05
-7.614174221247811116e-05
-7.614174221247811116e-05
-7.614174221247811116e-05
-7.614174221247811116e-05
-7.614174221247811116e-05
-7.614174221247811116e-05
-7.614174221247811116e-05
-7.614174221247811116e-05
-7.614174221247811116e-05
-7.614174221247811116e-05
-7.614174221247811116e-05
-7.614174221247811116e-05
-7.614174221247811116e-05
-7.614174221247811116e-05
-7.614174221247811116e-05
-7.614174221247811116e-05
-7.614174221247811116e-05
-7.614174221247811116e-05
-7.614174221247811116e-05
-7.614174221247811116e-05
-7.614174221247811116e-05
-7.614174221247812472e-05
-7.614174221247812472e-05
-7.614174221247812472e-05
2.100013831152371720e-03
1.051403778059765721e-03
1.051403778059765721e-03
1.051403778059765721e-03
1.051403778059765721e-03
1.051403778059765721e-03
1.051403778059765721e-03
1.051403778059765721e-03
1.051403778059765721e-03
1.051403778059765721e-03
1.051403778059765721e-03
1.051403778059765721e-03
1.051403778059765721e-03
1.051403778059765721e-03
1.051403778059765721e-03
1.051403778059765721e-03
1.051403778059765721e-03
1.051403778059765721e-03
1.051403778059765721e-03
1.051403778059765721e-03
1.051403778059765721e-03
1.051403778059765721e-03
1.051403778059765721e-03
1.051403778059765721e-03
1.051403778059765721e-03
1.051403778059765721e-03
1.051403778059765721e-03
1.051403778059765721e-03
1.051403778059765721e-03
1.051403778059765721e-03
1.051403778059765721e-03
1.051403778059765721e-03
1.051403778059765721e-03
1.051403778059765721e-03
1.051403778059765721e-03
1.051403778059765721e-03
1.051403778059765721e-03
1.051403778059765721e-03
1.051403778059765721e-03
1.051403778059765721e-03
1.051403778059765721e-03
1.051403778059765721e-03
1.051403778059765721e-03
1.051403778059765721e-03
1.051403778059765721e-03
1.051403778059765721e-03
1.051403778059765721e-03
1.051403778059765721e-03
1.051403778059769624e-03
1.051403778059769624e-03
1.051403778059769624e-03
