-2.424424713270671112e-05
-2.424424713270671112e-05
-2.424424713270671112e-05
-2.424424713270671112e-05
-2.424424713270671112e-05
-2.424424713270671112e-05
-2.424424713270671112e-05
-2.424424713270671112e-05
-2.424424713270671112e-05
-2.424424713270671112e-05
-2.424424713270671112e-05
-2.424424713270671112e-05
-2.424424713270671112e-05
-2.424424713270671112e-05
-2.424424713270671112e-05
-2.424424713270671112e-05
-2.424424713270671112e-05
-2.424424713270671112e-05
-2.424424713270671112e-05
-2.424424713270671112e-05
-2.424424713270671112e-05
-2.424424713270671112e-05
-2.424424713270671112e-05
-2.424424713270671112e-05
-2.424424713270671112e-05
-2.424424713270671112e-05
-2.424424713270671112e-05
-2.424424713270671112e-05
-2.424424713270671112e-05
-2.424424713270671112e-05
-2.424424713270671112e-05
-2.424424713270671112e-05
-2.424424713270671112e-05
-2.424424713270671112e-05
-2.424424713270671112e-05
-2.424424713270671112e-05
-2.424424713270671112e-05
-2.424424713270671112e-05
-2.424424713270671112e-05
-2.424424713270671112e-05
-2.424424713270671112e-05
-2.424424713270671112e-05
-2.424424713270671112e-05
-2.424424713270671112e-05
-2.424424713270671112e-05
-2.424424713270671112e-05
-2.424424713270671112e-05
-2.424424713270671451e-05
-2.424424713270671451e-05
-2.424424713270671451e-05
-5.613677182911515614e-06
-5.613677182911515614e-06
-5.613677182911515614e-06
-5.613677182911515614e-06
-5.613677182911515614e-06
-5.613677182911515614e-06
-5.613677182911515614e-06
-5.613677182911515614e-06
-5.613677182911515614e-06
-5.613677182911515614e-06
-5.613677182911515614e-06
-5.613677182911515614e-06
-5.613677182911515614e-06
-5.613677182911515614e-06
-5.613677182911515614e-06
-5.613677182911515614e-06
-5.613677182911515614e-06
-5.613677182911515614e-06
-5.613677182911515614e-06
-5.613677182911515614e-06
-5.613677182911515614e-06
-5.613677182911515614e-06
-5.613677182911515614e-06
-5.613677182911515614e-06
-5.613677182911515614e-06
-5.613677182911515614e-06
-5.613677182911515614e-06
-5.613677182911515614e-06
-5.613677182911515614e-06
-5.613677182911515614e-06
-5.613677182911515614e-06
-5.613677182911515614e-06
-5.613677182911515614e-06
-5.613677182911515614e-06
-5.613677182911515614e-06
-5.613677182911515614e-06
-5.613677182911515614e-06
-5.613677182911515614e-06
-5.613677182911515614e-06
-5.613677182911515614e-06
-5.613677182911515614e-06
-5.613677182911515614e-06
-5.613677182911515614e-06
-5.613677182911515614e-06
-5.613677182911515614e-06
-5.613677182911515614e-06
-5.613677182911515614e-06
-5.613677182911520696e-06
-5.613677182911520696e-06
-5.613677182911520696e-06
-6.196480460821073824e-05
-6.196480460821073824e-05
-6.196480460821073824e-05
-6.196480460821073824e-05
-6.196480460821073824e-05
-6.196480460821073824e-05
-6.196480460821073824e-05
-6.196480460821073824e-05
-6.196480460821073824e-05
-6.196480460821073824e-05
-6.196480460821073824e-05
-6.196480460821073824e-05
-6.196480460821073824e-05
-6.196480460821073824e-05
-6.196480460821073824e-05
-6.196480460821073824e-05
-6.196480460821073824e-05
-6.196480460821073824e-05
-6.196480460821073824e-05
-6.196480460821073824e-05
-6.196480460821073824e-05
-6.196480460821073824e-05
-6.196480460821073824e-05
-6.196480460821073824e-05
-6.196480460821073824e-05
-6.196480460821073824e-05
-6.196480460821073824e-05
-6.196480460821073824e-05
-6.196480460821073824e-05
-6.196480460821073824e-05
-6.196480460821073824e-05
-6.196480460821073824e-05
-6.196480460821073824e-05
-6.196480460821073824e-05
-6.196480460821073824e-05
-6.196480460821073824e-05
-6.196480460821073824e-05
-6.196480460821073824e-05
-6.196480460821073824e-05
-6.196480460821073824e-05
-6.196480460821073824e-05
-6.196480460821073824e-05
-6.196480460821073824e-05
-6.196480460821073824e-05
-6.196480460821073824e-05
-6.196480460821073824e-05
-6.196480460821073824e-05
-6.196480460821072469e-05
-6.196480460821071113e-05
-6.196480460821071113e-05
-1.705159200600199140e-03
-8.516796810970003479e-04
-8.516796810970003479e-04
-8.516796810970003479e-04
-8.516796810970003479e-04
-8.516796810970003479e-04
-8.516796810970003479e-04
-8.516796810970003479e-04
-8.516796810970003479e-04
-8.516796810970003479e-04
-8.516796810970003479e-04
-8.516796810970003479e-04
-8.516796810970003479e-04
-8.516796810970003479e-04
-8.516796810970003479e-04
-8.516796810970003479e-04
-8.516796810970003479e-04
-8.516796810970003479e-04
-8.516796810970003479e-04
-8.516796810970003479e-04
-8.516796810970003479e-04
-8.516796810970003479e-04
-8.516796810970003479e-04
-8.516796810970003479e-04
-8.516796810970003479e-04
-8.516796810970003479e-04
-8.516796810970003479e-04
-8.516796810970003479e-04
-8.516796810970003479e-04
-8.516796810970003479e-04
-8.516796810970003479e-04
-8.516796810970003479e-04
-8.516796810970003479e-04
-8.516796810970003479e-04
-8.516796810970003479e-04
-8.516796810970003479e-04
-8.516796810970003479e-04
-8.516796810970003479e-04
-8.516796810970003479e-04
-8.516796810970003479e-04
-8.516796810970003479e-04
-8.516796810970003479e-04
-8.516796810970003479e-04
-8.516796810970003479e-04
-8.516796810970003479e-04
-8.516796810970003479e-04
-8.516796810970003479e-04
-8.516796810970003479e-04
-8.516796810969967700e-04
-8.516796810969967700e-04
-8.516796810969967700e-04
