-5.705614224508417959e-06
-5.705614224508417959e-06
-5.705614224508417959e-06
-5.705614224508417959e-06
-5.705614224508417959e-06
-5.705614224508417959e-06
-5.705614224508417959e-06
-5.705614224508417959e-06
-5.705614224508417959e-06
-5.705614224508417959e-06
-5.705614224508417959e-06
-5.705614224508417959e-06
-5.705614224508417959e-06
-5.705614224508417959e-06
-5.705614224508417959e-06
-5.705614224508417959e-06
-5.705614224508417959e-06
-5.705614224508417959e-06
-5.705614224508417959e-06
-5.705614224508417959e-06
-5.705614224508417959e-06
-5.705614224508417959e-06
-5.705614224508417959e-06
-5.705614224508417959e-06
-5.705614224508417959e-06
-5.705614224508417959e-06
-5.705614224508417959e-06
-5.705614224508417959e-06
-5.705614224508417959e-06
-5.705614224508417959e-06
-5.705614224508417959e-06
-5.705614224508417959e-06
-5.705614224508417959e-06
-5.705614224508417959e-06
-5.705614224508417959e-06
-5.705614224508417959e-06
-5.705614224508417959e-06
-5.705614224508417959e-06
-5.705614224508417959e-06
-5.705614224508417959e-06
-5.705614224508417959e-06
-5.705614224508417959e-06
-5.705614224508417959e-06
-5.705614224508417959e-06
-5.705614224508417959e-06
-5.705614224508417959e-06
-5.705614224508417959e-06
-5.705614224508417959e-06
-5.705614224508417959e-06
-5.705614224508417959e-06
-1.579026120974099251e-06
-1.579026120974099251e-06
-1.579026120974099251e-06
-1.579026120974099251e-06
-1.579026120974099251e-06
-1.579026120974099251e-06
-1.579026120974099251e-06
-1.579026120974099251e-06
-1.579026120974099251e-06
-1.579026120974099251e-06
-1.579026120974099251e-06
-1.579026120974099251e-06
-1.579026120974099251e-06
-1.579026120974099251e-06
-1.579026120974099251e-06
-1.579026120974099251e-06
-1.579026120974099251e-06
-1.579026120974099251e-06
-1.579026120974099251e-06
-1.579026120974099251e-06
-1.579026120974099251e-06
-1.579026120974099251e-06
-1.579026120974099251e-06
-1.579026120974099251e-06
-1.579026120974099251e-06
-1.579026120974099251e-06
-1.579026120974099251e-06
-1.579026120974099251e-06
-1.579026120974099251e-06
-1.579026120974099251e-06
-1.579026120974099251e-06
-1.579026120974099251e-06
-1.579026120974099251e-06
-1.579026120974099251e-06
-1.579026120974099251e-06
-1.579026120974099251e-06
-1.579026120974099251e-06
-1.579026120974099251e-06
-1.579026120974099251e-06
-1.579026120974099251e-06
-1.579026120974099251e-06
-1.579026120974099251e-06
-1.579026120974099251e-06
-1.579026120974099251e-06
-1.579026120974099251e-06
-1.579026120974099251e-06
-1.579026120974099251e-06
-1.579026120974104333e-06
-1.579026120974104333e-06
-1.579026120974104333e-06
-1.426025270459759957e-05
-1.426025270459759957e-05
-1.426025270459759957e-05
-1.426025270459759957e-05
-1.426025270459759957e-05
-1.426025270459759957e-05
-1.426025270459759957e-05
-1.426025270459759957e-05
-1.426025270459759957e-05
-1.426025270459759957e-05
-1.426025270459759957e-05
-1.426025270459759957e-05
-1.426025270459759957e-05
-1.426025270459759957e-05
-1.426025270459759957e-05
-1.426025270459759957e-05
-1.426025270459759957e-05
-1.426025270459759957e-05
-1.426025270459759957e-05
-1.426025270459759957e-05
-1.426025270459759957e-05
-1.426025270459759957e-05
-1.426025270459759957e-05
-1.426025270459759957e-05
-1.426025270459759957e-05
-1.426025270459759957e-05
-1.426025270459759957e-05
-1.426025270459759957e-05
-1.426025270459759957e-05
-1.426025270459759957e-05
-1.426025270459759957e-05
-1.426025270459759957e-05
-1.426025270459759957e-05
-1.426025270459759957e-05
-1.426025270459759957e-05
-1.426025270459759957e-05
-1.426025270459759957e-05
-1.426025270459759957e-05
-1.426025270459759957e-05
-1.426025270459759957e-05
-1.426025270459759957e-05
-1.426025270459759957e-05
-1.426025270459759957e-05
-1.426025270459759957e-05
-1.426025270459759957e-05
-1.426025270459759957e-05
-1.426025270459759957e-05
-1.426025270459759110e-05
-1.426025270459758940e-05
-1.426025270459758940e-05
-1.727136180003541579e-03
-8.635312419112972648e-04
-8.635312419112972648e-04
-8.635312419112972648e-04
-8.635312419112972648e-04
-8.635312419112972648e-04
-8.635312419112972648e-04
-8.635312419112972648e-04
-8.635312419112972648e-04
-8.635312419112972648e-04
-8.635312419112972648e-04
-8.635312419112972648e-04
-8.635312419112972648e-04
-8.635312419112972648e-04
-8.635312419112972648e-04
-8.635312419112972648e-04
-8.635312419112972648e-04
-8.635312419112972648e-04
-8.635312419112972648e-04
-8.635312419112972648e-04
-8.635312419112972648e-04
-8.635312419112972648e-04
-8.635312419112972648e-04
-8.635312419112972648e-04
-8.635312419112972648e-04
-8.635312419112972648e-04
-8.635312419112972648e-04
-8.635312419112972648e-04
-8.635312419112972648e-04
-8.635312419112972648e-04
-8.635312419112972648e-04
-8.635312419112972648e-04
-8.635312419112972648e-04
-8.635312419112972648e-04
-8.635312419112972648e-04
-8.635312419112972648e-04
-8.635312419112972648e-04
-8.635312419112972648e-04
-8.635312419112972648e-04
-8.635312419112972648e-04
-8.635312419112972648e-04
-8.635312419112972648e-04
-8.635312419112972648e-04
-8.635312419112972648e-04
-8.635312419112972648e-04
-8.635312419112972648e-04
-8.635312419112972648e-04
-8.635312419112972648e-04
-8.635312419112981322e-04
-8.635312419112981322e-04
-8.635312419112981322e-04
