-1.853106973113121463e-05
-1.853106973113121463e-05
-1.853106973113121463e-05
-1.853106973113121463e-05
-1.853106973113121463e-05
-1.853106973113121463e-05
-1.853106973113121463e-05
-1.853106973113121463e-05
-1.853106973113121463e-05
-1.853106973113121463e-05
-1.853106973113121463e-05
-1.853106973113121463e-05
-1.853106973113121463e-05
-1.853106973113121463e-05
-1.853106973113121463e-05
-1.853106973113121463e-05
-1.853106973113121463e-05
-1.853106973113121463e-05
-1.853106973113121463e-05
-1.853106973113121463e-05
-1.853106973113121463e-05
-1.853106973113121463e-05
-1.853106973113121463e-05
-1.853106973113121463e-05
-1.853106973113121463e-05
-1.853106973113121463e-05
-1.853106973113121463e-05
-1.853106973113121463e-05
-1.853106973113121463e-05
-1.853106973113121463e-05
-1.853106973113121463e-05
-1.853106973113121463e-05
-1.853106973113121463e-05
-1.853106973113121463e-05
-1.853106973113121463e-05
-1.853106973113121463e-05
-1.853106973113121463e-05
-1.853106973113121463e-05
-1.853106973113121463e-05
-1.853106973113121463e-05
-1.853106973113121463e-05
-1.853106973113121463e-05
-1.853106973113121463e-05
-1.853106973113121463e-05
-1.853106973113121463e-05
-1.853106973113121463e-05
-1.853106973113121463e-05
-1.853106973113121463e-05
-1.853106973113121463e-05
-1.853106973113121463e-05
-4.181803770869414359e-06
-4.181803770869414359e-06
-4.181803770869414359e-06
-4.181803770869414359e-06
-4.181803770869414359e-06
-4.181803770869414359e-06
-4.181803770869414359e-06
-4.181803770869414359e-06
-4.181803770869414359e-06
-4.181803770869414359e-06
-4.181803770869414359e-06
-4.181803770869414359e-06
-4.181803770869414359e-06
-4.181803770869414359e-06
-4.181803770869414359e-06
-4.181803770869414359e-06
-4.181803770869414359e-06
-4.181803770869414359e-06
-4.181803770869414359e-06
-4.181803770869414359e-06
-4.181803770869414359e-06
-4.181803770869414359e-06
-4.181803770869414359e-06
-4.181803770869414359e-06
-4.181803770869414359e-06
-4.181803770869414359e-06
-4.181803770869414359e-06
-4.181803770869414359e-06
-4.181803770869414359e-06
-4.181803770869414359e-06
-4.181803770869414359e-06
-4.181803770869414359e-06
-4.181803770869414359e-06
-4.181803770869414359e-06
-4.181803770869414359e-06
-4.181803770869414359e-06
-4.181803770869414359e-06
-4.181803770869414359e-06
-4.181803770869414359e-06
-4.181803770869414359e-06
-4.181803770869414359e-06
-4.181803770869414359e-06
-4.181803770869414359e-06
-4.181803770869414359e-06
-4.181803770869414359e-06
-4.181803770869414359e-06
-4.181803770869414359e-06
-4.181803770869428758e-06
-4.181803770869428758e-06
-4.181803770869428758e-06
-4.735363170542832191e-05
-4.735363170542832191e-05
-4.735363170542832191e-05
-4.735363170542832191e-05
-4.735363170542832191e-05
-4.735363170542832191e-05
-4.735363170542832191e-05
-4.735363170542832191e-05
-4.735363170542832191e-05
-4.735363170542832191e-05
-4.735363170542832191e-05
-4.735363170542832191e-05
-4.735363170542832191e-05
-4.735363170542832191e-05
-4.735363170542832191e-05
-4.735363170542832191e-05
-4.735363170542832191e-05
-4.735363170542832191e-05
-4.735363170542832191e-05
-4.735363170542832191e-05
-4.735363170542832191e-05
-4.735363170542832191e-05
-4.735363170542832191e-05
-4.735363170542832191e-05
-4.735363170542832191e-05
-4.735363170542832191e-05
-4.735363170542832191e-05
-4.735363170542832191e-05
-4.735363170542832191e-05
-4.735363170542832191e-05
-4.735363170542832191e-05
-4.735363170542832191e-05
-4.735363170542832191e-05
-4.735363170542832191e-05
-4.735363170542832191e-05
-4.735363170542832191e-05
-4.735363170542832191e-05
-4.735363170542832191e-05
-4.735363170542832191e-05
-4.735363170542832191e-05
-4.735363170542832191e-05
-4.735363170542832191e-05
-4.735363170542832191e-05
-4.735363170542832191e-05
-4.735363170542832191e-05
-4.735363170542832191e-05
-4.735363170542832191e-05
-4.735363170542828125e-05
-4.735363170542826770e-05
-4.735363170542826770e-05
1.465784417518959867e-04
7.375454492568257921e-05
7.375454492568257921e-05
7.375454492568257921e-05
7.375454492568257921e-05
7.375454492568257921e-05
7.375454492568257921e-05
7.375454492568257921e-05
7.375454492568257921e-05
7.375454492568257921e-05
7.375454492568257921e-05
7.375454492568257921e-05
7.375454492568257921e-05
7.375454492568257921e-05
7.375454492568257921e-05
7.375454492568257921e-05
7.375454492568257921e-05
7.375454492568257921e-05
7.375454492568257921e-05
7.375454492568257921e-05
7.375454492568257921e-05
7.375454492568257921e-05
7.375454492568257921e-05
7.375454492568257921e-05
7.375454492568257921e-05
7.375454492568257921e-05
7.375454492568257921e-05
7.375454492568257921e-05
7.375454492568257921e-05
7.375454492568257921e-05
7.375454492568257921e-05
7.375454492568257921e-05
7.375454492568257921e-05
7.375454492568257921e-05
7.375454492568257921e-05
7.375454492568257921e-05
7.375454492568257921e-05
7.375454492568257921e-05
7.375454492568257921e-05
7.375454492568257921e-05
7.375454492568257921e-05
7.375454492568257921e-05
7.375454492568257921e-05
7.375454492568257921e-05
7.375454492568257921e-05
7.375454492568257921e-05
7.375454492568257921e-05
7.375454492568257921e-05
7.375454492568388025e-05
7.375454492568388025e-05
7.375454492568388025e-05
